positive/1685140841.8184268.jpg 1 277 153 54 51
positive/1685140849.4219522.jpg 1 301 132 95 94
positive/1685140851.1159024.jpg 1 294 151 66 65
positive/1685140856.8722334.jpg 1 276 188 52 63
positive/1685140861.85321.jpg 1 199 199 69 56
positive/1685140866.5119154.jpg 1 171 190 73 52
positive/1685140870.4505293.jpg 1 154 87 65 89
positive/1685140878.783149.jpg 1 337 10 90 128
positive/1685140882.854494.jpg 1 359 60 139 184
positive/1685140885.8916616.jpg 1 288 182 116 136
positive/1685140892.4030783.jpg 1 291 142 37 49
positive/1685140897.892892.jpg 1 266 94 45 56
positive/1685141234.1707973.jpg 1 276 114 102 122
positive/1685141235.5866926.jpg 1 296 74 78 96
positive/1685141236.9189723.jpg 1 224 69 62 79
positive/1685141238.217275.jpg 1 129 66 81 107
positive/1685141239.5006883.jpg 1 101 77 93 141
positive/1685141240.7733965.jpg 1 204 103 124 131
positive/1685141242.1556096.jpg 1 317 88 54 97
positive/1685141244.369801.jpg 1 304 52 117 109
positive/1685141247.6873426.jpg 1 391 46 103 173
positive/1685141250.2484012.jpg 1 234 2 88 138
positive/1685141251.6891036.jpg 1 4 3 151 190
positive/1685141253.8000202.jpg 1 1 14 118 218
positive/1685141255.2822273.jpg 1 110 51 209 241
positive/1685141257.7310495.jpg 1 386 31 112 199
positive/1685141259.7701137.jpg 1 283 82 76 83
positive/1685141261.3113525.jpg 1 281 102 54 56
positive/1685141262.9221926.jpg 1 269 113 49 49
positive/1685141264.8284156.jpg 1 277 111 40 50
positive/1685141266.6701374.jpg 1 282 117 43 50
positive/1685141268.1912699.jpg 1 289 137 43 51
positive/1685141269.5576525.jpg 1 279 164 43 40
positive/1685141270.9166303.jpg 1 237 181 58 44
positive/1685141272.5472422.jpg 1 173 136 53 77
positive/1685141273.9094675.jpg 1 182 108 46 63
positive/1685141275.252795.jpg 1 241 86 48 63
positive/1685141281.0100744.jpg 1 277 70 74 74
positive/1685141282.119235.jpg 1 305 153 84 79
positive/1685141283.3166108.jpg 1 180 154 104 121
positive/1685141284.4942172.jpg 1 88 88 99 134
positive/1685141285.768668.jpg 1 178 42 67 95
positive/1685141287.0875366.jpg 1 333 92 70 102
positive/1685141288.676519.jpg 1 278 73 83 77
positive/1685141293.9900389.jpg 1 254 104 68 48
positive/1685141295.6551585.jpg 1 279 110 39 48
positive/1685141297.3516662.jpg 1 282 111 39 49
positive/1685141297.975286.jpg 1 275 113 49 49
positive/1685141298.3903015.jpg 1 277 113 39 48
positive/1685141300.9067676.jpg 1 296 104 56 70
positive/1685141302.2296262.jpg 1 300 107 48 65
